216,3184213252469     1 0 0 0 0 1 0 0 0 1 0 0 0 1 0 0 0 1 1 1 1 1 0 1 1 
243,0054880869427     1 0 1 0 0 1 1 0 0 1 0 0 0 1 0 0 0 1 0 1 0 1 0 1 1 
243,0054880869427     1 0 1 0 0 1 1 0 0 1 0 0 0 1 0 0 0 1 0 1 0 1 0 1 1 
243,0054880869427     1 0 1 0 0 1 1 0 0 1 0 0 0 1 0 0 0 1 0 1 0 1 0 1 1 
262,75248654868017     1 0 1 0 0 1 1 0 0 1 0 0 0 1 0 0 0 0 1 0 0 1 0 1 1 
262,75248654868017     1 0 1 0 0 1 1 0 0 1 0 0 0 1 0 0 0 0 1 0 0 1 0 1 1 
276,8116206242761     1 0 1 0 0 1 1 1 1 1 0 0 0 1 0 0 1 1 1 1 0 0 0 1 1 
276,8116206242761     1 0 1 0 0 1 1 1 1 1 0 0 0 1 0 0 1 1 1 1 0 0 0 1 1 
287,63999840394956     1 0 1 0 0 1 1 1 1 1 0 0 0 1 0 0 0 0 1 1 0 1 0 1 1 
306,8040660827246     1 1 0 0 0 1 1 0 1 1 0 0 1 1 1 0 1 1 1 1 1 1 1 1 1 
306,8040660827246     1 1 0 0 0 1 1 0 1 1 0 0 1 1 1 0 1 1 1 1 1 1 1 1 1 
306,8040660827246     1 1 0 0 0 1 1 0 1 1 0 0 1 1 1 0 1 1 1 1 1 1 1 1 1 
311,8284204327501     1 0 1 0 0 0 1 1 1 1 0 0 0 1 0 0 0 0 1 1 0 1 0 1 1 
311,8284204327501     1 0 1 0 0 0 1 1 1 1 0 0 0 1 0 0 0 0 1 1 0 1 0 1 1 
311,8284204327501     1 0 1 0 0 0 1 1 1 1 0 0 0 1 0 0 0 0 1 1 0 1 0 1 1 
320,452597297171     1 0 1 0 0 0 1 1 1 1 0 0 0 1 0 0 1 1 0 1 0 0 0 1 1 
330,3838845670165     1 0 1 1 0 0 1 0 1 1 0 0 0 1 0 0 1 1 1 1 0 0 0 1 1 
330,3838845670165     1 0 1 1 0 0 1 0 1 1 0 0 0 1 0 0 1 1 1 1 0 0 0 1 1 
330,3838845670165     1 0 1 1 0 0 1 0 1 1 0 0 0 1 0 0 1 1 1 1 0 0 0 1 1 
330,3838845670165     1 0 1 1 0 0 1 0 1 1 0 0 0 1 0 0 1 1 1 1 0 0 0 1 1 
330,3838845670165     1 0 1 1 0 0 1 0 1 1 0 0 0 1 0 0 1 1 1 1 0 0 0 1 1 
330,3838845670165     1 0 1 1 0 0 1 0 1 1 0 0 0 1 0 0 1 1 1 1 0 0 0 1 1 
330,3838845670165     1 0 1 1 0 0 1 0 1 1 0 0 0 1 0 0 1 1 1 1 0 0 0 1 1 
330,3838845670165     1 0 1 1 0 0 1 0 1 1 0 0 0 1 0 0 1 1 1 1 0 0 0 1 1 
330,3838845670165     1 0 1 1 0 0 1 0 1 1 0 0 0 1 0 0 1 1 1 1 0 0 0 1 1 
350,5991441928906     1 1 0 0 0 1 1 0 1 1 0 0 1 1 1 0 1 1 1 1 1 0 1 1 1 
350,5991441928906     1 1 0 0 0 1 1 0 1 1 0 0 1 1 1 0 1 1 1 1 1 0 1 1 1 
350,5991441928906     1 1 0 0 0 1 1 0 1 1 0 0 1 1 1 0 1 1 1 1 1 0 1 1 1 
350,5991441928906     1 1 0 0 0 1 1 0 1 1 0 0 1 1 1 0 1 1 1 1 1 0 1 1 1 
350,5991441928906     1 1 0 0 0 1 1 0 1 1 0 0 1 1 1 0 1 1 1 1 1 0 1 1 1 
350,5991441928906     1 1 0 0 0 1 1 0 1 1 0 0 1 1 1 0 1 1 1 1 1 0 1 1 1 
350,5991441928906     1 1 0 0 0 1 1 0 1 1 0 0 1 1 1 0 1 1 1 1 1 0 1 1 1 
350,5991441928906     1 1 0 0 0 1 1 0 1 1 0 0 1 1 1 0 1 1 1 1 1 0 1 1 1 
350,5991441928906     1 1 0 0 0 1 1 0 1 1 0 0 1 1 1 0 1 1 1 1 1 0 1 1 1 
350,5991441928906     1 1 0 0 0 1 1 0 1 1 0 0 1 1 1 0 1 1 1 1 1 0 1 1 1 
350,5991441928906     1 1 0 0 0 1 1 0 1 1 0 0 1 1 1 0 1 1 1 1 1 0 1 1 1 
350,5991441928906     1 1 0 0 0 1 1 0 1 1 0 0 1 1 1 0 1 1 1 1 1 0 1 1 1 
356,4715096774708     1 1 0 0 0 1 1 0 1 1 0 0 1 1 0 0 1 1 1 1 1 0 1 1 1 
356,4715096774708     1 1 0 0 0 1 1 0 1 1 0 0 1 1 0 0 1 1 1 1 1 0 1 1 1 
372,7562761938048     1 1 0 0 0 1 1 0 1 1 0 0 0 1 0 0 1 0 1 0 1 0 0 1 1 
372,7562761938048     1 1 0 0 0 1 1 0 1 1 0 0 0 1 0 0 1 0 1 0 1 0 0 1 1 
372,7562761938048     1 1 0 0 0 1 1 0 1 1 0 0 0 1 0 0 1 0 1 0 1 0 0 1 1 
393,22470246662425     0 1 0 0 0 1 1 0 1 1 0 0 1 1 1 0 1 1 1 1 1 0 1 1 1 
393,22470246662425     0 1 0 0 0 1 1 0 1 1 0 0 1 1 1 0 1 1 1 1 1 0 1 1 1 
393,22470246662425     0 1 0 0 0 1 1 0 1 1 0 0 1 1 1 0 1 1 1 1 1 0 1 1 1 
399,09706795120445     0 1 0 0 0 1 1 0 1 1 0 0 1 1 0 0 1 1 1 1 0 1 1 1 1 
399,09706795120445     0 1 0 0 0 1 1 0 1 1 0 0 1 1 0 0 1 1 1 1 0 1 1 1 1 
412,9717009283617     0 1 0 0 0 1 1 0 1 1 0 0 1 1 1 0 1 1 1 0 1 0 1 1 1 
412,9717009283617     0 1 0 0 0 1 1 0 1 1 0 0 1 1 1 0 1 1 1 0 1 0 1 1 1 
412,9717009283617     0 1 0 0 0 1 1 0 1 1 0 0 1 1 1 0 1 1 1 0 1 0 1 1 1 
415,09609931359876     0 1 1 0 0 1 1 0 1 1 0 0 1 1 1 0 1 1 1 1 0 0 1 1 1 
415,09609931359876     0 1 1 0 0 1 1 0 1 1 0 0 1 1 1 0 1 1 1 1 0 0 1 1 1 
415,09609931359876     0 1 1 0 0 1 1 0 1 1 0 0 1 1 1 0 1 1 1 1 0 0 1 1 1 
415,09609931359876     0 1 1 0 0 1 1 0 1 1 0 0 1 1 1 0 1 1 1 1 0 0 1 1 1 
415,09609931359876     0 1 1 0 0 1 1 0 1 1 0 0 1 1 1 0 1 1 1 1 0 0 1 1 1 
415,09609931359876     0 1 1 0 0 1 1 0 1 1 0 0 1 1 1 0 1 1 1 1 0 0 1 1 1 
415,09609931359876     0 1 1 0 0 1 1 0 1 1 0 0 1 1 1 0 1 1 1 1 0 0 1 1 1 
415,09609931359876     0 1 1 0 0 1 1 0 1 1 0 0 1 1 1 0 1 1 1 1 0 0 1 1 1 
415,09609931359876     0 1 1 0 0 1 1 0 1 1 0 0 1 1 1 0 1 1 1 1 0 0 1 1 1 
415,09609931359876     0 1 1 0 0 1 1 0 1 1 0 0 1 1 1 0 1 1 1 1 0 0 1 1 1 
415,09609931359876     0 1 1 0 0 1 1 0 1 1 0 0 1 1 1 0 1 1 1 1 0 0 1 1 1 
415,09609931359876     0 1 1 0 0 1 1 0 1 1 0 0 1 1 1 0 1 1 1 1 0 0 1 1 1 
415,09609931359876     0 1 1 0 0 1 1 0 1 1 0 0 1 1 1 0 1 1 1 1 0 0 1 1 1 
415,09609931359876     0 1 1 0 0 1 1 0 1 1 0 0 1 1 1 0 1 1 1 1 0 0 1 1 1 
415,09609931359876     0 1 1 0 0 1 1 0 1 1 0 0 1 1 1 0 1 1 1 1 0 0 1 1 1 
415,09609931359876     0 1 1 0 0 1 1 0 1 1 0 0 1 1 1 0 1 1 1 1 0 0 1 1 1 
415,09609931359876     0 1 1 0 0 1 1 0 1 1 0 0 1 1 1 0 1 1 1 1 0 0 1 1 1 
415,09609931359876     0 1 1 0 0 1 1 0 1 1 0 0 1 1 1 0 1 1 1 1 0 0 1 1 1 
415,09609931359876     0 1 1 0 0 1 1 0 1 1 0 0 1 1 1 0 1 1 1 1 0 0 1 1 1 
415,09609931359876     0 1 1 0 0 1 1 0 1 1 0 0 1 1 1 0 1 1 1 1 0 0 1 1 1 
415,09609931359876     0 1 1 0 0 1 1 0 1 1 0 0 1 1 1 0 1 1 1 1 0 0 1 1 1 
415,09609931359876     0 1 1 0 0 1 1 0 1 1 0 0 1 1 1 0 1 1 1 1 0 0 1 1 1 
415,09609931359876     0 1 1 0 0 1 1 0 1 1 0 0 1 1 1 0 1 1 1 1 0 0 1 1 1 
415,09609931359876     0 1 1 0 0 1 1 0 1 1 0 0 1 1 1 0 1 1 1 1 0 0 1 1 1 
415,09609931359876     0 1 1 0 0 1 1 0 1 1 0 0 1 1 1 0 1 1 1 1 0 0 1 1 1 
415,09609931359876     0 1 1 0 0 1 1 0 1 1 0 0 1 1 1 0 1 1 1 1 0 0 1 1 1 
415,09609931359876     0 1 1 0 0 1 1 0 1 1 0 0 1 1 1 0 1 1 1 1 0 0 1 1 1 
415,09609931359876     0 1 1 0 0 1 1 0 1 1 0 0 1 1 1 0 1 1 1 1 0 0 1 1 1 
415,09609931359876     0 1 1 0 0 1 1 0 1 1 0 0 1 1 1 0 1 1 1 1 0 0 1 1 1 
415,09609931359876     0 1 1 0 0 1 1 0 1 1 0 0 1 1 1 0 1 1 1 1 0 0 1 1 1 
415,09609931359876     0 1 1 0 0 1 1 0 1 1 0 0 1 1 1 0 1 1 1 1 0 0 1 1 1 
415,09609931359876     0 1 1 0 0 1 1 0 1 1 0 0 1 1 1 0 1 1 1 1 0 0 1 1 1 
415,09609931359876     0 1 1 0 0 1 1 0 1 1 0 0 1 1 1 0 1 1 1 1 0 0 1 1 1 
415,09609931359876     0 1 1 0 0 1 1 0 1 1 0 0 1 1 1 0 1 1 1 1 0 0 1 1 1 
415,09609931359876     0 1 1 0 0 1 1 0 1 1 0 0 1 1 1 0 1 1 1 1 0 0 1 1 1 
415,09609931359876     0 1 1 0 0 1 1 0 1 1 0 0 1 1 1 0 1 1 1 1 0 0 1 1 1 
415,09609931359876     0 1 1 0 0 1 1 0 1 1 0 0 1 1 1 0 1 1 1 1 0 0 1 1 1 
415,09609931359876     0 1 1 0 0 1 1 0 1 1 0 0 1 1 1 0 1 1 1 1 0 0 1 1 1 
415,09609931359876     0 1 1 0 0 1 1 0 1 1 0 0 1 1 1 0 1 1 1 1 0 0 1 1 1 
415,09609931359876     0 1 1 0 0 1 1 0 1 1 0 0 1 1 1 0 1 1 1 1 0 0 1 1 1 
415,09609931359876     0 1 1 0 0 1 1 0 1 1 0 0 1 1 1 0 1 1 1 1 0 0 1 1 1 
415,09609931359876     0 1 1 0 0 1 1 0 1 1 0 0 1 1 1 0 1 1 1 1 0 0 1 1 1 
417,4131244954247     0 1 0 0 0 0 1 0 1 1 0 0 1 1 1 0 1 1 1 1 1 0 1 1 1 
417,4131244954247     0 1 0 0 0 0 1 0 1 1 0 0 1 1 1 0 1 1 1 1 1 0 1 1 1 
417,4131244954247     0 1 0 0 0 0 1 0 1 1 0 0 1 1 1 0 1 1 1 1 1 0 1 1 1 
445,5421404201572     0 1 0 0 0 0 1 0 1 1 0 0 1 1 1 0 1 1 1 0 1 0 1 1 0 
445,5421404201572     0 1 0 0 0 0 1 0 1 1 0 0 1 1 1 0 1 1 1 0 1 0 1 1 0 
445,5421404201572     0 1 0 0 0 0 1 0 1 1 0 0 1 1 1 0 1 1 1 0 1 0 1 1 0 
445,5421404201572     0 1 0 0 0 0 1 0 1 1 0 0 1 1 1 0 1 1 1 0 1 0 1 1 0 
445,5421404201572     0 1 0 0 0 0 1 0 1 1 0 0 1 1 1 0 1 1 1 0 1 0 1 1 0 
445,5421404201572     0 1 0 0 0 0 1 0 1 1 0 0 1 1 1 0 1 1 1 0 1 0 1 1 0 
445,5421404201572     0 1 0 0 0 0 1 0 1 1 0 0 1 1 1 0 1 1 1 0 1 0 1 1 0 
445,5421404201572     0 1 0 0 0 0 1 0 1 1 0 0 1 1 1 0 1 1 1 0 1 0 1 1 0 
456,2805967027798     1 1 0 0 0 0 1 1 1 1 1 0 1 1 1 1 1 1 1 1 1 1 0 1 1 
478,1519935497543     1 1 1 0 0 0 1 1 1 1 1 0 1 1 1 1 1 1 1 1 1 0 0 1 1 
478,1519935497543     1 1 1 0 0 0 1 1 1 1 1 0 1 1 1 1 1 1 1 1 1 0 0 1 1 
481,75961826872555     1 1 0 0 0 1 1 1 1 1 1 0 1 1 0 1 1 1 1 1 1 0 0 1 1 
522,2745372141214     1 1 1 1 0 0 1 0 1 1 1 0 1 1 1 0 1 1 1 1 1 0 0 1 1 
522,2745372141214     1 1 1 1 0 0 1 0 1 1 1 0 1 1 1 0 1 1 1 1 1 0 0 1 1 
522,2745372141214     1 1 1 1 0 0 1 0 1 1 1 0 1 1 1 0 1 1 1 1 1 0 0 1 1 
522,2745372141214     1 1 1 1 0 0 1 0 1 1 1 0 1 1 1 0 1 1 1 1 1 0 0 1 1 
522,2745372141214     1 1 1 1 0 0 1 0 1 1 1 0 1 1 1 0 1 1 1 1 1 0 0 1 1 
522,2745372141214     1 1 1 1 0 0 1 0 1 1 1 0 1 1 1 0 1 1 1 1 1 0 0 1 1 
522,2745372141214     1 1 1 1 0 0 1 0 1 1 1 0 1 1 1 0 1 1 1 1 1 0 0 1 1 
522,2745372141214     1 1 1 1 0 0 1 0 1 1 1 0 1 1 1 0 1 1 1 1 1 0 0 1 1 
522,2745372141214     1 1 1 1 0 0 1 0 1 1 1 0 1 1 1 0 1 1 1 1 1 0 0 1 1 
522,2745372141214     1 1 1 1 0 0 1 0 1 1 1 0 1 1 1 0 1 1 1 1 1 0 0 1 1 
522,2745372141214     1 1 1 1 0 0 1 0 1 1 1 0 1 1 1 0 1 1 1 1 1 0 0 1 1 
522,2745372141214     1 1 1 1 0 0 1 0 1 1 1 0 1 1 1 0 1 1 1 1 1 0 0 1 1 
522,2745372141214     1 1 1 1 0 0 1 0 1 1 1 0 1 1 1 0 1 1 1 1 1 0 0 1 1 
522,2745372141214     1 1 1 1 0 0 1 0 1 1 1 0 1 1 1 0 1 1 1 1 1 0 0 1 1 
522,2745372141214     1 1 1 1 0 0 1 0 1 1 1 0 1 1 1 0 1 1 1 1 1 0 0 1 1 
522,2745372141214     1 1 1 1 0 0 1 0 1 1 1 0 1 1 1 0 1 1 1 1 1 0 0 1 1 
522,2745372141214     1 1 1 1 0 0 1 0 1 1 1 0 1 1 1 0 1 1 1 1 1 0 0 1 1 
522,2745372141214     1 1 1 1 0 0 1 0 1 1 1 0 1 1 1 0 1 1 1 1 1 0 0 1 1 
522,2745372141214     1 1 1 1 0 0 1 0 1 1 1 0 1 1 1 0 1 1 1 1 1 0 0 1 1 
522,2745372141214     1 1 1 1 0 0 1 0 1 1 1 0 1 1 1 0 1 1 1 1 1 0 0 1 1 
522,2745372141214     1 1 1 1 0 0 1 0 1 1 1 0 1 1 1 0 1 1 1 1 1 0 0 1 1 
522,2745372141214     1 1 1 1 0 0 1 0 1 1 1 0 1 1 1 0 1 1 1 1 1 0 0 1 1 
522,2745372141214     1 1 1 1 0 0 1 0 1 1 1 0 1 1 1 0 1 1 1 1 1 0 0 1 1 
522,2745372141214     1 1 1 1 0 0 1 0 1 1 1 0 1 1 1 0 1 1 1 1 1 0 0 1 1 
522,2745372141214     1 1 1 1 0 0 1 0 1 1 1 0 1 1 1 0 1 1 1 1 1 0 0 1 1 
522,2745372141214     1 1 1 1 0 0 1 0 1 1 1 0 1 1 1 0 1 1 1 1 1 0 0 1 1 
522,2745372141214     1 1 1 1 0 0 1 0 1 1 1 0 1 1 1 0 1 1 1 1 1 0 0 1 1 
522,2745372141214     1 1 1 1 0 0 1 0 1 1 1 0 1 1 1 0 1 1 1 1 1 0 0 1 1 
522,2745372141214     1 1 1 1 0 0 1 0 1 1 1 0 1 1 1 0 1 1 1 1 1 0 0 1 1 
522,2745372141214     1 1 1 1 0 0 1 0 1 1 1 0 1 1 1 0 1 1 1 1 1 0 0 1 1 
522,2745372141214     1 1 1 1 0 0 1 0 1 1 1 0 1 1 1 0 1 1 1 1 1 0 0 1 1 
522,2745372141214     1 1 1 1 0 0 1 0 1 1 1 0 1 1 1 0 1 1 1 1 1 0 0 1 1 
522,2745372141214     1 1 1 1 0 0 1 0 1 1 1 0 1 1 1 0 1 1 1 1 1 0 0 1 1 
522,2745372141214     1 1 1 1 0 0 1 0 1 1 1 0 1 1 1 0 1 1 1 1 1 0 0 1 1 
522,2745372141214     1 1 1 1 0 0 1 0 1 1 1 0 1 1 1 0 1 1 1 1 1 0 0 1 1 
522,2745372141214     1 1 1 1 0 0 1 0 1 1 1 0 1 1 1 0 1 1 1 1 1 0 0 1 1 
522,2745372141214     1 1 1 1 0 0 1 0 1 1 1 0 1 1 1 0 1 1 1 1 1 0 0 1 1 
522,2745372141214     1 1 1 1 0 0 1 0 1 1 1 0 1 1 1 0 1 1 1 1 1 0 0 1 1 
522,2745372141214     1 1 1 1 0 0 1 0 1 1 1 0 1 1 1 0 1 1 1 1 1 0 0 1 1 
522,2745372141214     1 1 1 1 0 0 1 0 1 1 1 0 1 1 1 0 1 1 1 1 1 0 0 1 1 
522,2745372141214     1 1 1 1 0 0 1 0 1 1 1 0 1 1 1 0 1 1 1 1 1 0 0 1 1 
522,2745372141214     1 1 1 1 0 0 1 0 1 1 1 0 1 1 1 0 1 1 1 1 1 0 0 1 1 
522,2745372141214     1 1 1 1 0 0 1 0 1 1 1 0 1 1 1 0 1 1 1 1 1 0 0 1 1 
522,2745372141214     1 1 1 1 0 0 1 0 1 1 1 0 1 1 1 0 1 1 1 1 1 0 0 1 1 
522,2745372141214     1 1 1 1 0 0 1 0 1 1 1 0 1 1 1 0 1 1 1 1 1 0 0 1 1 
522,2745372141214     1 1 1 1 0 0 1 0 1 1 1 0 1 1 1 0 1 1 1 1 1 0 0 1 1 
522,2745372141214     1 1 1 1 0 0 1 0 1 1 1 0 1 1 1 0 1 1 1 1 1 0 0 1 1 
522,2745372141214     1 1 1 1 0 0 1 0 1 1 1 0 1 1 1 0 1 1 1 1 1 0 0 1 1 
522,2745372141214     1 1 1 1 0 0 1 0 1 1 1 0 1 1 1 0 1 1 1 1 1 0 0 1 1 
522,2745372141214     1 1 1 1 0 0 1 0 1 1 1 0 1 1 1 0 1 1 1 1 1 0 0 1 1 
522,2745372141214     1 1 1 1 0 0 1 0 1 1 1 0 1 1 1 0 1 1 1 1 1 0 0 1 1 
522,2745372141214     1 1 1 1 0 0 1 0 1 1 1 0 1 1 1 0 1 1 1 1 1 0 0 1 1 
522,2745372141214     1 1 1 1 0 0 1 0 1 1 1 0 1 1 1 0 1 1 1 1 1 0 0 1 1 
522,2745372141214     1 1 1 1 0 0 1 0 1 1 1 0 1 1 1 0 1 1 1 1 1 0 0 1 1 
522,2745372141214     1 1 1 1 0 0 1 0 1 1 1 0 1 1 1 0 1 1 1 1 1 0 0 1 1 
522,2745372141214     1 1 1 1 0 0 1 0 1 1 1 0 1 1 1 0 1 1 1 1 1 0 0 1 1 
522,2745372141214     1 1 1 1 0 0 1 0 1 1 1 0 1 1 1 0 1 1 1 1 1 0 0 1 1 
522,2745372141214     1 1 1 1 0 0 1 0 1 1 1 0 1 1 1 0 1 1 1 1 1 0 0 1 1 
522,2745372141214     1 1 1 1 0 0 1 0 1 1 1 0 1 1 1 0 1 1 1 1 1 0 0 1 1 
522,2745372141214     1 1 1 1 0 0 1 0 1 1 1 0 1 1 1 0 1 1 1 1 1 0 0 1 1 
522,2745372141214     1 1 1 1 0 0 1 0 1 1 1 0 1 1 1 0 1 1 1 1 1 0 0 1 1 
522,2745372141214     1 1 1 1 0 0 1 0 1 1 1 0 1 1 1 0 1 1 1 1 1 0 0 1 1 
522,2745372141214     1 1 1 1 0 0 1 0 1 1 1 0 1 1 1 0 1 1 1 1 1 0 0 1 1 
522,2745372141214     1 1 1 1 0 0 1 0 1 1 1 0 1 1 1 0 1 1 1 1 1 0 0 1 1 
522,2745372141214     1 1 1 1 0 0 1 0 1 1 1 0 1 1 1 0 1 1 1 1 1 0 0 1 1 
522,2745372141214     1 1 1 1 0 0 1 0 1 1 1 0 1 1 1 0 1 1 1 1 1 0 0 1 1 
522,2745372141214     1 1 1 1 0 0 1 0 1 1 1 0 1 1 1 0 1 1 1 1 1 0 0 1 1 
522,2745372141214     1 1 1 1 0 0 1 0 1 1 1 0 1 1 1 0 1 1 1 1 1 0 0 1 1 
522,2745372141214     1 1 1 1 0 0 1 0 1 1 1 0 1 1 1 0 1 1 1 1 1 0 0 1 1 
522,2745372141214     1 1 1 1 0 0 1 0 1 1 1 0 1 1 1 0 1 1 1 1 1 0 0 1 1 
522,2745372141214     1 1 1 1 0 0 1 0 1 1 1 0 1 1 1 0 1 1 1 1 1 0 0 1 1 
522,2745372141214     1 1 1 1 0 0 1 0 1 1 1 0 1 1 1 0 1 1 1 1 1 0 0 1 1 
522,2745372141214     1 1 1 1 0 0 1 0 1 1 1 0 1 1 1 0 1 1 1 1 1 0 0 1 1 
522,2745372141214     1 1 1 1 0 0 1 0 1 1 1 0 1 1 1 0 1 1 1 1 1 0 0 1 1 
522,2745372141214     1 1 1 1 0 0 1 0 1 1 1 0 1 1 1 0 1 1 1 1 1 0 0 1 1 
522,2745372141214     1 1 1 1 0 0 1 0 1 1 1 0 1 1 1 0 1 1 1 1 1 0 0 1 1 
522,2745372141214     1 1 1 1 0 0 1 0 1 1 1 0 1 1 1 0 1 1 1 1 1 0 0 1 1 
522,2745372141214     1 1 1 1 0 0 1 0 1 1 1 0 1 1 1 0 1 1 1 1 1 0 0 1 1 
522,2745372141214     1 1 1 1 0 0 1 0 1 1 1 0 1 1 1 0 1 1 1 1 1 0 0 1 1 
522,2745372141214     1 1 1 1 0 0 1 0 1 1 1 0 1 1 1 0 1 1 1 1 1 0 0 1 1 
522,2745372141214     1 1 1 1 0 0 1 0 1 1 1 0 1 1 1 0 1 1 1 1 1 0 0 1 1 
522,2745372141214     1 1 1 1 0 0 1 0 1 1 1 0 1 1 1 0 1 1 1 1 1 0 0 1 1 
522,2745372141214     1 1 1 1 0 0 1 0 1 1 1 0 1 1 1 0 1 1 1 1 1 0 0 1 1 
522,2745372141214     1 1 1 1 0 0 1 0 1 1 1 0 1 1 1 0 1 1 1 1 1 0 0 1 1 
522,2745372141214     1 1 1 1 0 0 1 0 1 1 1 0 1 1 1 0 1 1 1 1 1 0 0 1 1 
522,2745372141214     1 1 1 1 0 0 1 0 1 1 1 0 1 1 1 0 1 1 1 1 1 0 0 1 1 
522,2745372141214     1 1 1 1 0 0 1 0 1 1 1 0 1 1 1 0 1 1 1 1 1 0 0 1 1 
522,2745372141214     1 1 1 1 0 0 1 0 1 1 1 0 1 1 1 0 1 1 1 1 1 0 0 1 1 
522,2745372141214     1 1 1 1 0 0 1 0 1 1 1 0 1 1 1 0 1 1 1 1 1 0 0 1 1 
522,2745372141214     1 1 1 1 0 0 1 0 1 1 1 0 1 1 1 0 1 1 1 1 1 0 0 1 1 
522,2745372141214     1 1 1 1 0 0 1 0 1 1 1 0 1 1 1 0 1 1 1 1 1 0 0 1 1 
522,2745372141214     1 1 1 1 0 0 1 0 1 1 1 0 1 1 1 0 1 1 1 1 1 0 0 1 1 
522,2745372141214     1 1 1 1 0 0 1 0 1 1 1 0 1 1 1 0 1 1 1 1 1 0 0 1 1 
522,2745372141214     1 1 1 1 0 0 1 0 1 1 1 0 1 1 1 0 1 1 1 1 1 0 0 1 1 
522,2745372141214     1 1 1 1 0 0 1 0 1 1 1 0 1 1 1 0 1 1 1 1 1 0 0 1 1 
522,2745372141214     1 1 1 1 0 0 1 0 1 1 1 0 1 1 1 0 1 1 1 1 1 0 0 1 1 
522,2745372141214     1 1 1 1 0 0 1 0 1 1 1 0 1 1 1 0 1 1 1 1 1 0 0 1 1 
522,2745372141214     1 1 1 1 0 0 1 0 1 1 1 0 1 1 1 0 1 1 1 1 1 0 0 1 1 
522,2745372141214     1 1 1 1 0 0 1 0 1 1 1 0 1 1 1 0 1 1 1 1 1 0 0 1 1 
522,2745372141214     1 1 1 1 0 0 1 0 1 1 1 0 1 1 1 0 1 1 1 1 1 0 0 1 1 
522,2745372141214     1 1 1 1 0 0 1 0 1 1 1 0 1 1 1 0 1 1 1 1 1 0 0 1 1 
522,2745372141214     1 1 1 1 0 0 1 0 1 1 1 0 1 1 1 0 1 1 1 1 1 0 0 1 1 
522,2745372141214     1 1 1 1 0 0 1 0 1 1 1 0 1 1 1 0 1 1 1 1 1 0 0 1 1 
522,2745372141214     1 1 1 1 0 0 1 0 1 1 1 0 1 1 1 0 1 1 1 1 1 0 0 1 1 
522,2745372141214     1 1 1 1 0 0 1 0 1 1 1 0 1 1 1 0 1 1 1 1 1 0 0 1 1 
522,2745372141214     1 1 1 1 0 0 1 0 1 1 1 0 1 1 1 0 1 1 1 1 1 0 0 1 1 
522,2745372141214     1 1 1 1 0 0 1 0 1 1 1 0 1 1 1 0 1 1 1 1 1 0 0 1 1 
522,2745372141214     1 1 1 1 0 0 1 0 1 1 1 0 1 1 1 0 1 1 1 1 1 0 0 1 1 
522,2745372141214     1 1 1 1 0 0 1 0 1 1 1 0 1 1 1 0 1 1 1 1 1 0 0 1 1 
522,2745372141214     1 1 1 1 0 0 1 0 1 1 1 0 1 1 1 0 1 1 1 1 1 0 0 1 1 
522,2745372141214     1 1 1 1 0 0 1 0 1 1 1 0 1 1 1 0 1 1 1 1 1 0 0 1 1 
522,2745372141214     1 1 1 1 0 0 1 0 1 1 1 0 1 1 1 0 1 1 1 1 1 0 0 1 1 
522,2745372141214     1 1 1 1 0 0 1 0 1 1 1 0 1 1 1 0 1 1 1 1 1 0 0 1 1 
522,2745372141214     1 1 1 1 0 0 1 0 1 1 1 0 1 1 1 0 1 1 1 1 1 0 0 1 1 
522,2745372141214     1 1 1 1 0 0 1 0 1 1 1 0 1 1 1 0 1 1 1 1 1 0 0 1 1 
522,2745372141214     1 1 1 1 0 0 1 0 1 1 1 0 1 1 1 0 1 1 1 1 1 0 0 1 1 
522,2745372141214     1 1 1 1 0 0 1 0 1 1 1 0 1 1 1 0 1 1 1 1 1 0 0 1 1 
522,2745372141214     1 1 1 1 0 0 1 0 1 1 1 0 1 1 1 0 1 1 1 1 1 0 0 1 1 
522,2745372141214     1 1 1 1 0 0 1 0 1 1 1 0 1 1 1 0 1 1 1 1 1 0 0 1 1 
522,2745372141214     1 1 1 1 0 0 1 0 1 1 1 0 1 1 1 0 1 1 1 1 1 0 0 1 1 
522,2745372141214     1 1 1 1 0 0 1 0 1 1 1 0 1 1 1 0 1 1 1 1 1 0 0 1 1 
522,2745372141214     1 1 1 1 0 0 1 0 1 1 1 0 1 1 1 0 1 1 1 1 1 0 0 1 1 
522,2745372141214     1 1 1 1 0 0 1 0 1 1 1 0 1 1 1 0 1 1 1 1 1 0 0 1 1 
522,2745372141214     1 1 1 1 0 0 1 0 1 1 1 0 1 1 1 0 1 1 1 1 1 0 0 1 1 
522,2745372141214     1 1 1 1 0 0 1 0 1 1 1 0 1 1 1 0 1 1 1 1 1 0 0 1 1 
522,2745372141214     1 1 1 1 0 0 1 0 1 1 1 0 1 1 1 0 1 1 1 1 1 0 0 1 1 
522,2745372141214     1 1 1 1 0 0 1 0 1 1 1 0 1 1 1 0 1 1 1 1 1 0 0 1 1 
522,2745372141214     1 1 1 1 0 0 1 0 1 1 1 0 1 1 1 0 1 1 1 1 1 0 0 1 1 
522,2745372141214     1 1 1 1 0 0 1 0 1 1 1 0 1 1 1 0 1 1 1 1 1 0 0 1 1 
522,2745372141214     1 1 1 1 0 0 1 0 1 1 1 0 1 1 1 0 1 1 1 1 1 0 0 1 1 
522,2745372141214     1 1 1 1 0 0 1 0 1 1 1 0 1 1 1 0 1 1 1 1 1 0 0 1 1 
522,2745372141214     1 1 1 1 0 0 1 0 1 1 1 0 1 1 1 0 1 1 1 1 1 0 0 1 1 
522,2745372141214     1 1 1 1 0 0 1 0 1 1 1 0 1 1 1 0 1 1 1 1 1 0 0 1 1 
522,2745372141214     1 1 1 1 0 0 1 0 1 1 1 0 1 1 1 0 1 1 1 1 1 0 0 1 1 
522,2745372141214     1 1 1 1 0 0 1 0 1 1 1 0 1 1 1 0 1 1 1 1 1 0 0 1 1 
522,2745372141214     1 1 1 1 0 0 1 0 1 1 1 0 1 1 1 0 1 1 1 1 1 0 0 1 1 
522,2745372141214     1 1 1 1 0 0 1 0 1 1 1 0 1 1 1 0 1 1 1 1 1 0 0 1 1 
522,2745372141214     1 1 1 1 0 0 1 0 1 1 1 0 1 1 1 0 1 1 1 1 1 0 0 1 1 
522,2745372141214     1 1 1 1 0 0 1 0 1 1 1 0 1 1 1 0 1 1 1 1 1 0 0 1 1 
522,2745372141214     1 1 1 1 0 0 1 0 1 1 1 0 1 1 1 0 1 1 1 1 1 0 0 1 1 
522,2745372141214     1 1 1 1 0 0 1 0 1 1 1 0 1 1 1 0 1 1 1 1 1 0 0 1 1 
522,2745372141214     1 1 1 1 0 0 1 0 1 1 1 0 1 1 1 0 1 1 1 1 1 0 0 1 1 
522,2745372141214     1 1 1 1 0 0 1 0 1 1 1 0 1 1 1 0 1 1 1 1 1 0 0 1 1 
522,2745372141214     1 1 1 1 0 0 1 0 1 1 1 0 1 1 1 0 1 1 1 1 1 0 0 1 1 
522,2745372141214     1 1 1 1 0 0 1 0 1 1 1 0 1 1 1 0 1 1 1 1 1 0 0 1 1 
522,2745372141214     1 1 1 1 0 0 1 0 1 1 1 0 1 1 1 0 1 1 1 1 1 0 0 1 1 
522,2745372141214     1 1 1 1 0 0 1 0 1 1 1 0 1 1 1 0 1 1 1 1 1 0 0 1 1 
522,2745372141214     1 1 1 1 0 0 1 0 1 1 1 0 1 1 1 0 1 1 1 1 1 0 0 1 1 
522,2745372141214     1 1 1 1 0 0 1 0 1 1 1 0 1 1 1 0 1 1 1 1 1 0 0 1 1 
522,2745372141214     1 1 1 1 0 0 1 0 1 1 1 0 1 1 1 0 1 1 1 1 1 0 0 1 1 
522,2745372141214     1 1 1 1 0 0 1 0 1 1 1 0 1 1 1 0 1 1 1 1 1 0 0 1 1 
522,2745372141214     1 1 1 1 0 0 1 0 1 1 1 0 1 1 1 0 1 1 1 1 1 0 0 1 1 
522,2745372141214     1 1 1 1 0 0 1 0 1 1 1 0 1 1 1 0 1 1 1 1 1 0 0 1 1 
522,2745372141214     1 1 1 1 0 0 1 0 1 1 1 0 1 1 1 0 1 1 1 1 1 0 0 1 1 
522,2745372141214     1 1 1 1 0 0 1 0 1 1 1 0 1 1 1 0 1 1 1 1 1 0 0 1 1 
522,2745372141214     1 1 1 1 0 0 1 0 1 1 1 0 1 1 1 0 1 1 1 1 1 0 0 1 1 
522,2745372141214     1 1 1 1 0 0 1 0 1 1 1 0 1 1 1 0 1 1 1 1 1 0 0 1 1 
522,2745372141214     1 1 1 1 0 0 1 0 1 1 1 0 1 1 1 0 1 1 1 1 1 0 0 1 1 
522,2745372141214     1 1 1 1 0 0 1 0 1 1 1 0 1 1 1 0 1 1 1 1 1 0 0 1 1 
522,2745372141214     1 1 1 1 0 0 1 0 1 1 1 0 1 1 1 0 1 1 1 1 1 0 0 1 1 
522,2745372141214     1 1 1 1 0 0 1 0 1 1 1 0 1 1 1 0 1 1 1 1 1 0 0 1 1 
522,2745372141214     1 1 1 1 0 0 1 0 1 1 1 0 1 1 1 0 1 1 1 1 1 0 0 1 1 
522,2745372141214     1 1 1 1 0 0 1 0 1 1 1 0 1 1 1 0 1 1 1 1 1 0 0 1 1 
522,2745372141214     1 1 1 1 0 0 1 0 1 1 1 0 1 1 1 0 1 1 1 1 1 0 0 1 1 
522,2745372141214     1 1 1 1 0 0 1 0 1 1 1 0 1 1 1 0 1 1 1 1 1 0 0 1 1 
522,2745372141214     1 1 1 1 0 0 1 0 1 1 1 0 1 1 1 0 1 1 1 1 1 0 0 1 1 
522,2745372141214     1 1 1 1 0 0 1 0 1 1 1 0 1 1 1 0 1 1 1 1 1 0 0 1 1 
522,2745372141214     1 1 1 1 0 0 1 0 1 1 1 0 1 1 1 0 1 1 1 1 1 0 0 1 1 
522,2745372141214     1 1 1 1 0 0 1 0 1 1 1 0 1 1 1 0 1 1 1 1 1 0 0 1 1 
522,2745372141214     1 1 1 1 0 0 1 0 1 1 1 0 1 1 1 0 1 1 1 1 1 0 0 1 1 
522,2745372141214     1 1 1 1 0 0 1 0 1 1 1 0 1 1 1 0 1 1 1 1 1 0 0 1 1 
522,2745372141214     1 1 1 1 0 0 1 0 1 1 1 0 1 1 1 0 1 1 1 1 1 0 0 1 1 
522,2745372141214     1 1 1 1 0 0 1 0 1 1 1 0 1 1 1 0 1 1 1 1 1 0 0 1 1 
522,2745372141214     1 1 1 1 0 0 1 0 1 1 1 0 1 1 1 0 1 1 1 1 1 0 0 1 1 
522,2745372141214     1 1 1 1 0 0 1 0 1 1 1 0 1 1 1 0 1 1 1 1 1 0 0 1 1 
522,2745372141214     1 1 1 1 0 0 1 0 1 1 1 0 1 1 1 0 1 1 1 1 1 0 0 1 1 
522,2745372141214     1 1 1 1 0 0 1 0 1 1 1 0 1 1 1 0 1 1 1 1 1 0 0 1 1 
522,2745372141214     1 1 1 1 0 0 1 0 1 1 1 0 1 1 1 0 1 1 1 1 1 0 0 1 1 
522,2745372141214     1 1 1 1 0 0 1 0 1 1 1 0 1 1 1 0 1 1 1 1 1 0 0 1 1 
522,2745372141214     1 1 1 1 0 0 1 0 1 1 1 0 1 1 1 0 1 1 1 1 1 0 0 1 1 
522,2745372141214     1 1 1 1 0 0 1 0 1 1 1 0 1 1 1 0 1 1 1 1 1 0 0 1 1 
522,2745372141214     1 1 1 1 0 0 1 0 1 1 1 0 1 1 1 0 1 1 1 1 1 0 0 1 1 
522,2745372141214     1 1 1 1 0 0 1 0 1 1 1 0 1 1 1 0 1 1 1 1 1 0 0 1 1 
522,2745372141214     1 1 1 1 0 0 1 0 1 1 1 0 1 1 1 0 1 1 1 1 1 0 0 1 1 
522,2745372141214     1 1 1 1 0 0 1 0 1 1 1 0 1 1 1 0 1 1 1 1 1 0 0 1 1 
522,2745372141214     1 1 1 1 0 0 1 0 1 1 1 0 1 1 1 0 1 1 1 1 1 0 0 1 1 
522,2745372141214     1 1 1 1 0 0 1 0 1 1 1 0 1 1 1 0 1 1 1 1 1 0 0 1 1 
522,2745372141214     1 1 1 1 0 0 1 0 1 1 1 0 1 1 1 0 1 1 1 1 1 0 0 1 1 
522,2745372141214     1 1 1 1 0 0 1 0 1 1 1 0 1 1 1 0 1 1 1 1 1 0 0 1 1 
522,2745372141214     1 1 1 1 0 0 1 0 1 1 1 0 1 1 1 0 1 1 1 1 1 0 0 1 1 
522,2745372141214     1 1 1 1 0 0 1 0 1 1 1 0 1 1 1 0 1 1 1 1 1 0 0 1 1 
522,2745372141214     1 1 1 1 0 0 1 0 1 1 1 0 1 1 1 0 1 1 1 1 1 0 0 1 1 
522,2745372141214     1 1 1 1 0 0 1 0 1 1 1 0 1 1 1 0 1 1 1 1 1 0 0 1 1 
522,2745372141214     1 1 1 1 0 0 1 0 1 1 1 0 1 1 1 0 1 1 1 1 1 0 0 1 1 
522,2745372141214     1 1 1 1 0 0 1 0 1 1 1 0 1 1 1 0 1 1 1 1 1 0 0 1 1 
522,2745372141214     1 1 1 1 0 0 1 0 1 1 1 0 1 1 1 0 1 1 1 1 1 0 0 1 1 
522,2745372141214     1 1 1 1 0 0 1 0 1 1 1 0 1 1 1 0 1 1 1 1 1 0 0 1 1 
522,2745372141214     1 1 1 1 0 0 1 0 1 1 1 0 1 1 1 0 1 1 1 1 1 0 0 1 1 
522,2745372141214     1 1 1 1 0 0 1 0 1 1 1 0 1 1 1 0 1 1 1 1 1 0 0 1 1 
522,2745372141214     1 1 1 1 0 0 1 0 1 1 1 0 1 1 1 0 1 1 1 1 1 0 0 1 1 
522,2745372141214     1 1 1 1 0 0 1 0 1 1 1 0 1 1 1 0 1 1 1 1 1 0 0 1 1 
522,2745372141214     1 1 1 1 0 0 1 0 1 1 1 0 1 1 1 0 1 1 1 1 1 0 0 1 1 
522,2745372141214     1 1 1 1 0 0 1 0 1 1 1 0 1 1 1 0 1 1 1 1 1 0 0 1 1 
522,2745372141214     1 1 1 1 0 0 1 0 1 1 1 0 1 1 1 0 1 1 1 1 1 0 0 1 1 
522,2745372141214     1 1 1 1 0 0 1 0 1 1 1 0 1 1 1 0 1 1 1 1 1 0 0 1 1 
522,2745372141214     1 1 1 1 0 0 1 0 1 1 1 0 1 1 1 0 1 1 1 1 1 0 0 1 1 
522,2745372141214     1 1 1 1 0 0 1 0 1 1 1 0 1 1 1 0 1 1 1 1 1 0 0 1 1 
522,2745372141214     1 1 1 1 0 0 1 0 1 1 1 0 1 1 1 0 1 1 1 1 1 0 0 1 1 
522,2745372141214     1 1 1 1 0 0 1 0 1 1 1 0 1 1 1 0 1 1 1 1 1 0 0 1 1 
522,2745372141214     1 1 1 1 0 0 1 0 1 1 1 0 1 1 1 0 1 1 1 1 1 0 0 1 1 
522,2745372141214     1 1 1 1 0 0 1 0 1 1 1 0 1 1 1 0 1 1 1 1 1 0 0 1 1 
522,2745372141214     1 1 1 1 0 0 1 0 1 1 1 0 1 1 1 0 1 1 1 1 1 0 0 1 1 
522,2745372141214     1 1 1 1 0 0 1 0 1 1 1 0 1 1 1 0 1 1 1 1 1 0 0 1 1 
522,2745372141214     1 1 1 1 0 0 1 0 1 1 1 0 1 1 1 0 1 1 1 1 1 0 0 1 1 
522,2745372141214     1 1 1 1 0 0 1 0 1 1 1 0 1 1 1 0 1 1 1 1 1 0 0 1 1 
522,2745372141214     1 1 1 1 0 0 1 0 1 1 1 0 1 1 1 0 1 1 1 1 1 0 0 1 1 
522,2745372141214     1 1 1 1 0 0 1 0 1 1 1 0 1 1 1 0 1 1 1 1 1 0 0 1 1 
522,2745372141214     1 1 1 1 0 0 1 0 1 1 1 0 1 1 1 0 1 1 1 1 1 0 0 1 1 
522,2745372141214     1 1 1 1 0 0 1 0 1 1 1 0 1 1 1 0 1 1 1 1 1 0 0 1 1 
522,2745372141214     1 1 1 1 0 0 1 0 1 1 1 0 1 1 1 0 1 1 1 1 1 0 0 1 1 
522,2745372141214     1 1 1 1 0 0 1 0 1 1 1 0 1 1 1 0 1 1 1 1 1 0 0 1 1 
522,2745372141214     1 1 1 1 0 0 1 0 1 1 1 0 1 1 1 0 1 1 1 1 1 0 0 1 1 
522,2745372141214     1 1 1 1 0 0 1 0 1 1 1 0 1 1 1 0 1 1 1 1 1 0 0 1 1 
522,2745372141214     1 1 1 1 0 0 1 0 1 1 1 0 1 1 1 0 1 1 1 1 1 0 0 1 1 
522,2745372141214     1 1 1 1 0 0 1 0 1 1 1 0 1 1 1 0 1 1 1 1 1 0 0 1 1 
522,2745372141214     1 1 1 1 0 0 1 0 1 1 1 0 1 1 1 0 1 1 1 1 1 0 0 1 1 
522,2745372141214     1 1 1 1 0 0 1 0 1 1 1 0 1 1 1 0 1 1 1 1 1 0 0 1 1 
522,2745372141214     1 1 1 1 0 0 1 0 1 1 1 0 1 1 1 0 1 1 1 1 1 0 0 1 1 
522,2745372141214     1 1 1 1 0 0 1 0 1 1 1 0 1 1 1 0 1 1 1 1 1 0 0 1 1 
522,2745372141214     1 1 1 1 0 0 1 0 1 1 1 0 1 1 1 0 1 1 1 1 1 0 0 1 1 
522,2745372141214     1 1 1 1 0 0 1 0 1 1 1 0 1 1 1 0 1 1 1 1 1 0 0 1 1 
522,2745372141214     1 1 1 1 0 0 1 0 1 1 1 0 1 1 1 0 1 1 1 1 1 0 0 1 1 
522,2745372141214     1 1 1 1 0 0 1 0 1 1 1 0 1 1 1 0 1 1 1 1 1 0 0 1 1 
522,2745372141214     1 1 1 1 0 0 1 0 1 1 1 0 1 1 1 0 1 1 1 1 1 0 0 1 1 
522,2745372141214     1 1 1 1 0 0 1 0 1 1 1 0 1 1 1 0 1 1 1 1 1 0 0 1 1 
522,2745372141214     1 1 1 1 0 0 1 0 1 1 1 0 1 1 1 0 1 1 1 1 1 0 0 1 1 
522,2745372141214     1 1 1 1 0 0 1 0 1 1 1 0 1 1 1 0 1 1 1 1 1 0 0 1 1 
522,2745372141214     1 1 1 1 0 0 1 0 1 1 1 0 1 1 1 0 1 1 1 1 1 0 0 1 1 
522,2745372141214     1 1 1 1 0 0 1 0 1 1 1 0 1 1 1 0 1 1 1 1 1 0 0 1 1 
522,2745372141214     1 1 1 1 0 0 1 0 1 1 1 0 1 1 1 0 1 1 1 1 1 0 0 1 1 
522,2745372141214     1 1 1 1 0 0 1 0 1 1 1 0 1 1 1 0 1 1 1 1 1 0 0 1 1 
522,2745372141214     1 1 1 1 0 0 1 0 1 1 1 0 1 1 1 0 1 1 1 1 1 0 0 1 1 
522,2745372141214     1 1 1 1 0 0 1 0 1 1 1 0 1 1 1 0 1 1 1 1 1 0 0 1 1 
522,2745372141214     1 1 1 1 0 0 1 0 1 1 1 0 1 1 1 0 1 1 1 1 1 0 0 1 1 
522,2745372141214     1 1 1 1 0 0 1 0 1 1 1 0 1 1 1 0 1 1 1 1 1 0 0 1 1 
522,2745372141214     1 1 1 1 0 0 1 0 1 1 1 0 1 1 1 0 1 1 1 1 1 0 0 1 1 
522,2745372141214     1 1 1 1 0 0 1 0 1 1 1 0 1 1 1 0 1 1 1 1 1 0 0 1 1 
522,2745372141214     1 1 1 1 0 0 1 0 1 1 1 0 1 1 1 0 1 1 1 1 1 0 0 1 1 
522,2745372141214     1 1 1 1 0 0 1 0 1 1 1 0 1 1 1 0 1 1 1 1 1 0 0 1 1 
522,2745372141214     1 1 1 1 0 0 1 0 1 1 1 0 1 1 1 0 1 1 1 1 1 0 0 1 1 
522,2745372141214     1 1 1 1 0 0 1 0 1 1 1 0 1 1 1 0 1 1 1 1 1 0 0 1 1 
522,2745372141214     1 1 1 1 0 0 1 0 1 1 1 0 1 1 1 0 1 1 1 1 1 0 0 1 1 
522,2745372141214     1 1 1 1 0 0 1 0 1 1 1 0 1 1 1 0 1 1 1 1 1 0 0 1 1 
522,2745372141214     1 1 1 1 0 0 1 0 1 1 1 0 1 1 1 0 1 1 1 1 1 0 0 1 1 
522,2745372141214     1 1 1 1 0 0 1 0 1 1 1 0 1 1 1 0 1 1 1 1 1 0 0 1 1 
522,2745372141214     1 1 1 1 0 0 1 0 1 1 1 0 1 1 1 0 1 1 1 1 1 0 0 1 1 
522,2745372141214     1 1 1 1 0 0 1 0 1 1 1 0 1 1 1 0 1 1 1 1 1 0 0 1 1 
522,2745372141214     1 1 1 1 0 0 1 0 1 1 1 0 1 1 1 0 1 1 1 1 1 0 0 1 1 
522,2745372141214     1 1 1 1 0 0 1 0 1 1 1 0 1 1 1 0 1 1 1 1 1 0 0 1 1 
522,2745372141214     1 1 1 1 0 0 1 0 1 1 1 0 1 1 1 0 1 1 1 1 1 0 0 1 1 
522,2745372141214     1 1 1 1 0 0 1 0 1 1 1 0 1 1 1 0 1 1 1 1 1 0 0 1 1 
522,2745372141214     1 1 1 1 0 0 1 0 1 1 1 0 1 1 1 0 1 1 1 1 1 0 0 1 1 
522,2745372141214     1 1 1 1 0 0 1 0 1 1 1 0 1 1 1 0 1 1 1 1 1 0 0 1 1 
522,2745372141214     1 1 1 1 0 0 1 0 1 1 1 0 1 1 1 0 1 1 1 1 1 0 0 1 1 
522,2745372141214     1 1 1 1 0 0 1 0 1 1 1 0 1 1 1 0 1 1 1 1 1 0 0 1 1 
522,2745372141214     1 1 1 1 0 0 1 0 1 1 1 0 1 1 1 0 1 1 1 1 1 0 0 1 1 
522,2745372141214     1 1 1 1 0 0 1 0 1 1 1 0 1 1 1 0 1 1 1 1 1 0 0 1 1 
522,2745372141214     1 1 1 1 0 0 1 0 1 1 1 0 1 1 1 0 1 1 1 1 1 0 0 1 1 
522,2745372141214     1 1 1 1 0 0 1 0 1 1 1 0 1 1 1 0 1 1 1 1 1 0 0 1 1 
522,2745372141214     1 1 1 1 0 0 1 0 1 1 1 0 1 1 1 0 1 1 1 1 1 0 0 1 1 
522,2745372141214     1 1 1 1 0 0 1 0 1 1 1 0 1 1 1 0 1 1 1 1 1 0 0 1 1 
522,2745372141214     1 1 1 1 0 0 1 0 1 1 1 0 1 1 1 0 1 1 1 1 1 0 0 1 1 
522,2745372141214     1 1 1 1 0 0 1 0 1 1 1 0 1 1 1 0 1 1 1 1 1 0 0 1 1 
522,2745372141214     1 1 1 1 0 0 1 0 1 1 1 0 1 1 1 0 1 1 1 1 1 0 0 1 1 
522,2745372141214     1 1 1 1 0 0 1 0 1 1 1 0 1 1 1 0 1 1 1 1 1 0 0 1 1 
522,2745372141214     1 1 1 1 0 0 1 0 1 1 1 0 1 1 1 0 1 1 1 1 1 0 0 1 1 
522,2745372141214     1 1 1 1 0 0 1 0 1 1 1 0 1 1 1 0 1 1 1 1 1 0 0 1 1 
522,2745372141214     1 1 1 1 0 0 1 0 1 1 1 0 1 1 1 0 1 1 1 1 1 0 0 1 1 
522,2745372141214     1 1 1 1 0 0 1 0 1 1 1 0 1 1 1 0 1 1 1 1 1 0 0 1 1 
522,2745372141214     1 1 1 1 0 0 1 0 1 1 1 0 1 1 1 0 1 1 1 1 1 0 0 1 1 
522,2745372141214     1 1 1 1 0 0 1 0 1 1 1 0 1 1 1 0 1 1 1 1 1 0 0 1 1 
522,2745372141214     1 1 1 1 0 0 1 0 1 1 1 0 1 1 1 0 1 1 1 1 1 0 0 1 1 
522,2745372141214     1 1 1 1 0 0 1 0 1 1 1 0 1 1 1 0 1 1 1 1 1 0 0 1 1 
522,2745372141214     1 1 1 1 0 0 1 0 1 1 1 0 1 1 1 0 1 1 1 1 1 0 0 1 1 
522,2745372141214     1 1 1 1 0 0 1 0 1 1 1 0 1 1 1 0 1 1 1 1 1 0 0 1 1 
522,2745372141214     1 1 1 1 0 0 1 0 1 1 1 0 1 1 1 0 1 1 1 1 1 0 0 1 1 
522,2745372141214     1 1 1 1 0 0 1 0 1 1 1 0 1 1 1 0 1 1 1 1 1 0 0 1 1 
522,2745372141214     1 1 1 1 0 0 1 0 1 1 1 0 1 1 1 0 1 1 1 1 1 0 0 1 1 
522,2745372141214     1 1 1 1 0 0 1 0 1 1 1 0 1 1 1 0 1 1 1 1 1 0 0 1 1 
522,2745372141214     1 1 1 1 0 0 1 0 1 1 1 0 1 1 1 0 1 1 1 1 1 0 0 1 1 
522,2745372141214     1 1 1 1 0 0 1 0 1 1 1 0 1 1 1 0 1 1 1 1 1 0 0 1 1 
522,2745372141214     1 1 1 1 0 0 1 0 1 1 1 0 1 1 1 0 1 1 1 1 1 0 0 1 1 
522,2745372141214     1 1 1 1 0 0 1 0 1 1 1 0 1 1 1 0 1 1 1 1 1 0 0 1 1 
522,2745372141214     1 1 1 1 0 0 1 0 1 1 1 0 1 1 1 0 1 1 1 1 1 0 0 1 1 
522,2745372141214     1 1 1 1 0 0 1 0 1 1 1 0 1 1 1 0 1 1 1 1 1 0 0 1 1 
522,2745372141214     1 1 1 1 0 0 1 0 1 1 1 0 1 1 1 0 1 1 1 1 1 0 0 1 1 
522,2745372141214     1 1 1 1 0 0 1 0 1 1 1 0 1 1 1 0 1 1 1 1 1 0 0 1 1 
522,2745372141214     1 1 1 1 0 0 1 0 1 1 1 0 1 1 1 0 1 1 1 1 1 0 0 1 1 
522,2745372141214     1 1 1 1 0 0 1 0 1 1 1 0 1 1 1 0 1 1 1 1 1 0 0 1 1 
522,2745372141214     1 1 1 1 0 0 1 0 1 1 1 0 1 1 1 0 1 1 1 1 1 0 0 1 1 
522,2745372141214     1 1 1 1 0 0 1 0 1 1 1 0 1 1 1 0 1 1 1 1 1 0 0 1 1 
522,2745372141214     1 1 1 1 0 0 1 0 1 1 1 0 1 1 1 0 1 1 1 1 1 0 0 1 1 
522,2745372141214     1 1 1 1 0 0 1 0 1 1 1 0 1 1 1 0 1 1 1 1 1 0 0 1 1 
522,2745372141214     1 1 1 1 0 0 1 0 1 1 1 0 1 1 1 0 1 1 1 1 1 0 0 1 1 
522,2745372141214     1 1 1 1 0 0 1 0 1 1 1 0 1 1 1 0 1 1 1 1 1 0 0 1 1 
522,2745372141214     1 1 1 1 0 0 1 0 1 1 1 0 1 1 1 0 1 1 1 1 1 0 0 1 1 
522,2745372141214     1 1 1 1 0 0 1 0 1 1 1 0 1 1 1 0 1 1 1 1 1 0 0 1 1 
522,2745372141214     1 1 1 1 0 0 1 0 1 1 1 0 1 1 1 0 1 1 1 1 1 0 0 1 1 
522,2745372141214     1 1 1 1 0 0 1 0 1 1 1 0 1 1 1 0 1 1 1 1 1 0 0 1 1 
522,2745372141214     1 1 1 1 0 0 1 0 1 1 1 0 1 1 1 0 1 1 1 1 1 0 0 1 1 
522,2745372141214     1 1 1 1 0 0 1 0 1 1 1 0 1 1 1 0 1 1 1 1 1 0 0 1 1 
522,2745372141214     1 1 1 1 0 0 1 0 1 1 1 0 1 1 1 0 1 1 1 1 1 0 0 1 1 
522,2745372141214     1 1 1 1 0 0 1 0 1 1 1 0 1 1 1 0 1 1 1 1 1 0 0 1 1 
522,2745372141214     1 1 1 1 0 0 1 0 1 1 1 0 1 1 1 0 1 1 1 1 1 0 0 1 1 
522,2745372141214     1 1 1 1 0 0 1 0 1 1 1 0 1 1 1 0 1 1 1 1 1 0 0 1 1 
522,2745372141214     1 1 1 1 0 0 1 0 1 1 1 0 1 1 1 0 1 1 1 1 1 0 0 1 1 
522,2745372141214     1 1 1 1 0 0 1 0 1 1 1 0 1 1 1 0 1 1 1 1 1 0 0 1 1 
522,2745372141214     1 1 1 1 0 0 1 0 1 1 1 0 1 1 1 0 1 1 1 1 1 0 0 1 1 
522,2745372141214     1 1 1 1 0 0 1 0 1 1 1 0 1 1 1 0 1 1 1 1 1 0 0 1 1 
522,2745372141214     1 1 1 1 0 0 1 0 1 1 1 0 1 1 1 0 1 1 1 1 1 0 0 1 1 
522,2745372141214     1 1 1 1 0 0 1 0 1 1 1 0 1 1 1 0 1 1 1 1 1 0 0 1 1 
522,2745372141214     1 1 1 1 0 0 1 0 1 1 1 0 1 1 1 0 1 1 1 1 1 0 0 1 1 
522,2745372141214     1 1 1 1 0 0 1 0 1 1 1 0 1 1 1 0 1 1 1 1 1 0 0 1 1 
522,2745372141214     1 1 1 1 0 0 1 0 1 1 1 0 1 1 1 0 1 1 1 1 1 0 0 1 1 
522,2745372141214     1 1 1 1 0 0 1 0 1 1 1 0 1 1 1 0 1 1 1 1 1 0 0 1 1 
522,2745372141214     1 1 1 1 0 0 1 0 1 1 1 0 1 1 1 0 1 1 1 1 1 0 0 1 1 
522,2745372141214     1 1 1 1 0 0 1 0 1 1 1 0 1 1 1 0 1 1 1 1 1 0 0 1 1 
522,2745372141214     1 1 1 1 0 0 1 0 1 1 1 0 1 1 1 0 1 1 1 1 1 0 0 1 1 
522,2745372141214     1 1 1 1 0 0 1 0 1 1 1 0 1 1 1 0 1 1 1 1 1 0 0 1 1 
522,2745372141214     1 1 1 1 0 0 1 0 1 1 1 0 1 1 1 0 1 1 1 1 1 0 0 1 1 
522,2745372141214     1 1 1 1 0 0 1 0 1 1 1 0 1 1 1 0 1 1 1 1 1 0 0 1 1 
522,2745372141214     1 1 1 1 0 0 1 0 1 1 1 0 1 1 1 0 1 1 1 1 1 0 0 1 1 
522,2745372141214     1 1 1 1 0 0 1 0 1 1 1 0 1 1 1 0 1 1 1 1 1 0 0 1 1 
522,2745372141214     1 1 1 1 0 0 1 0 1 1 1 0 1 1 1 0 1 1 1 1 1 0 0 1 1 
522,2745372141214     1 1 1 1 0 0 1 0 1 1 1 0 1 1 1 0 1 1 1 1 1 0 0 1 1 
522,2745372141214     1 1 1 1 0 0 1 0 1 1 1 0 1 1 1 0 1 1 1 1 1 0 0 1 1 
522,2745372141214     1 1 1 1 0 0 1 0 1 1 1 0 1 1 1 0 1 1 1 1 1 0 0 1 1 
522,2745372141214     1 1 1 1 0 0 1 0 1 1 1 0 1 1 1 0 1 1 1 1 1 0 0 1 1 
522,2745372141214     1 1 1 1 0 0 1 0 1 1 1 0 1 1 1 0 1 1 1 1 1 0 0 1 1 
522,2745372141214     1 1 1 1 0 0 1 0 1 1 1 0 1 1 1 0 1 1 1 1 1 0 0 1 1 
522,2745372141214     1 1 1 1 0 0 1 0 1 1 1 0 1 1 1 0 1 1 1 1 1 0 0 1 1 
522,2745372141214     1 1 1 1 0 0 1 0 1 1 1 0 1 1 1 0 1 1 1 1 1 0 0 1 1 
522,2745372141214     1 1 1 1 0 0 1 0 1 1 1 0 1 1 1 0 1 1 1 1 1 0 0 1 1 
522,2745372141214     1 1 1 1 0 0 1 0 1 1 1 0 1 1 1 0 1 1 1 1 1 0 0 1 1 
522,2745372141214     1 1 1 1 0 0 1 0 1 1 1 0 1 1 1 0 1 1 1 1 1 0 0 1 1 
522,2745372141214     1 1 1 1 0 0 1 0 1 1 1 0 1 1 1 0 1 1 1 1 1 0 0 1 1 
522,2745372141214     1 1 1 1 0 0 1 0 1 1 1 0 1 1 1 0 1 1 1 1 1 0 0 1 1 
522,2745372141214     1 1 1 1 0 0 1 0 1 1 1 0 1 1 1 0 1 1 1 1 1 0 0 1 1 
522,2745372141214     1 1 1 1 0 0 1 0 1 1 1 0 1 1 1 0 1 1 1 1 1 0 0 1 1 
522,2745372141214     1 1 1 1 0 0 1 0 1 1 1 0 1 1 1 0 1 1 1 1 1 0 0 1 1 
522,2745372141214     1 1 1 1 0 0 1 0 1 1 1 0 1 1 1 0 1 1 1 1 1 0 0 1 1 
522,2745372141214     1 1 1 1 0 0 1 0 1 1 1 0 1 1 1 0 1 1 1 1 1 0 0 1 1 
522,2745372141214     1 1 1 1 0 0 1 0 1 1 1 0 1 1 1 0 1 1 1 1 1 0 0 1 1 
522,2745372141214     1 1 1 1 0 0 1 0 1 1 1 0 1 1 1 0 1 1 1 1 1 0 0 1 1 
522,2745372141214     1 1 1 1 0 0 1 0 1 1 1 0 1 1 1 0 1 1 1 1 1 0 0 1 1 
522,2745372141214     1 1 1 1 0 0 1 0 1 1 1 0 1 1 1 0 1 1 1 1 1 0 0 1 1 
522,2745372141214     1 1 1 1 0 0 1 0 1 1 1 0 1 1 1 0 1 1 1 1 1 0 0 1 1 
522,2745372141214     1 1 1 1 0 0 1 0 1 1 1 0 1 1 1 0 1 1 1 1 1 0 0 1 1 
522,2745372141214     1 1 1 1 0 0 1 0 1 1 1 0 1 1 1 0 1 1 1 1 1 0 0 1 1 
522,2745372141214     1 1 1 1 0 0 1 0 1 1 1 0 1 1 1 0 1 1 1 1 1 0 0 1 1 
522,2745372141214     1 1 1 1 0 0 1 0 1 1 1 0 1 1 1 0 1 1 1 1 1 0 0 1 1 
522,2745372141214     1 1 1 1 0 0 1 0 1 1 1 0 1 1 1 0 1 1 1 1 1 0 0 1 1 
522,2745372141214     1 1 1 1 0 0 1 0 1 1 1 0 1 1 1 0 1 1 1 1 1 0 0 1 1 
522,2745372141214     1 1 1 1 0 0 1 0 1 1 1 0 1 1 1 0 1 1 1 1 1 0 0 1 1 
522,2745372141214     1 1 1 1 0 0 1 0 1 1 1 0 1 1 1 0 1 1 1 1 1 0 0 1 1 
522,2745372141214     1 1 1 1 0 0 1 0 1 1 1 0 1 1 1 0 1 1 1 1 1 0 0 1 1 
522,2745372141214     1 1 1 1 0 0 1 0 1 1 1 0 1 1 1 0 1 1 1 1 1 0 0 1 1 
522,2745372141214     1 1 1 1 0 0 1 0 1 1 1 0 1 1 1 0 1 1 1 1 1 0 0 1 1 
522,2745372141214     1 1 1 1 0 0 1 0 1 1 1 0 1 1 1 0 1 1 1 1 1 0 0 1 1 
522,2745372141214     1 1 1 1 0 0 1 0 1 1 1 0 1 1 1 0 1 1 1 1 1 0 0 1 1 
522,2745372141214     1 1 1 1 0 0 1 0 1 1 1 0 1 1 1 0 1 1 1 1 1 0 0 1 1 
522,2745372141214     1 1 1 1 0 0 1 0 1 1 1 0 1 1 1 0 1 1 1 1 1 0 0 1 1 
522,2745372141214     1 1 1 1 0 0 1 0 1 1 1 0 1 1 1 0 1 1 1 1 1 0 0 1 1 
522,2745372141214     1 1 1 1 0 0 1 0 1 1 1 0 1 1 1 0 1 1 1 1 1 0 0 1 1 
522,2745372141214     1 1 1 1 0 0 1 0 1 1 1 0 1 1 1 0 1 1 1 1 1 0 0 1 1 
522,2745372141214     1 1 1 1 0 0 1 0 1 1 1 0 1 1 1 0 1 1 1 1 1 0 0 1 1 
522,2745372141214     1 1 1 1 0 0 1 0 1 1 1 0 1 1 1 0 1 1 1 1 1 0 0 1 1 
522,2745372141214     1 1 1 1 0 0 1 0 1 1 1 0 1 1 1 0 1 1 1 1 1 0 0 1 1 
522,2745372141214     1 1 1 1 0 0 1 0 1 1 1 0 1 1 1 0 1 1 1 1 1 0 0 1 1 
522,2745372141214     1 1 1 1 0 0 1 0 1 1 1 0 1 1 1 0 1 1 1 1 1 0 0 1 1 
522,2745372141214     1 1 1 1 0 0 1 0 1 1 1 0 1 1 1 0 1 1 1 1 1 0 0 1 1 
522,2745372141214     1 1 1 1 0 0 1 0 1 1 1 0 1 1 1 0 1 1 1 1 1 0 0 1 1 
522,2745372141214     1 1 1 1 0 0 1 0 1 1 1 0 1 1 1 0 1 1 1 1 1 0 0 1 1 
522,2745372141214     1 1 1 1 0 0 1 0 1 1 1 0 1 1 1 0 1 1 1 1 1 0 0 1 1 
522,2745372141214     1 1 1 1 0 0 1 0 1 1 1 0 1 1 1 0 1 1 1 1 1 0 0 1 1 
522,2745372141214     1 1 1 1 0 0 1 0 1 1 1 0 1 1 1 0 1 1 1 1 1 0 0 1 1 
522,2745372141214     1 1 1 1 0 0 1 0 1 1 1 0 1 1 1 0 1 1 1 1 1 0 0 1 1 
522,2745372141214     1 1 1 1 0 0 1 0 1 1 1 0 1 1 1 0 1 1 1 1 1 0 0 1 1 
522,2745372141214     1 1 1 1 0 0 1 0 1 1 1 0 1 1 1 0 1 1 1 1 1 0 0 1 1 
522,2745372141214     1 1 1 1 0 0 1 0 1 1 1 0 1 1 1 0 1 1 1 1 1 0 0 1 1 
522,2745372141214     1 1 1 1 0 0 1 0 1 1 1 0 1 1 1 0 1 1 1 1 1 0 0 1 1 
522,2745372141214     1 1 1 1 0 0 1 0 1 1 1 0 1 1 1 0 1 1 1 1 1 0 0 1 1 
522,2745372141214     1 1 1 1 0 0 1 0 1 1 1 0 1 1 1 0 1 1 1 1 1 0 0 1 1 
522,2745372141214     1 1 1 1 0 0 1 0 1 1 1 0 1 1 1 0 1 1 1 1 1 0 0 1 1 
522,2745372141214     1 1 1 1 0 0 1 0 1 1 1 0 1 1 1 0 1 1 1 1 1 0 0 1 1 
522,2745372141214     1 1 1 1 0 0 1 0 1 1 1 0 1 1 1 0 1 1 1 1 1 0 0 1 1 
522,2745372141214     1 1 1 1 0 0 1 0 1 1 1 0 1 1 1 0 1 1 1 1 1 0 0 1 1 
522,2745372141214     1 1 1 1 0 0 1 0 1 1 1 0 1 1 1 0 1 1 1 1 1 0 0 1 1 
522,2745372141214     1 1 1 1 0 0 1 0 1 1 1 0 1 1 1 0 1 1 1 1 1 0 0 1 1 
522,2745372141214     1 1 1 1 0 0 1 0 1 1 1 0 1 1 1 0 1 1 1 1 1 0 0 1 1 
522,2745372141214     1 1 1 1 0 0 1 0 1 1 1 0 1 1 1 0 1 1 1 1 1 0 0 1 1 
522,2745372141214     1 1 1 1 0 0 1 0 1 1 1 0 1 1 1 0 1 1 1 1 1 0 0 1 1 
522,2745372141214     1 1 1 1 0 0 1 0 1 1 1 0 1 1 1 0 1 1 1 1 1 0 0 1 1 
522,2745372141214     1 1 1 1 0 0 1 0 1 1 1 0 1 1 1 0 1 1 1 1 1 0 0 1 1 
522,2745372141214     1 1 1 1 0 0 1 0 1 1 1 0 1 1 1 0 1 1 1 1 1 0 0 1 1 
522,2745372141214     1 1 1 1 0 0 1 0 1 1 1 0 1 1 1 0 1 1 1 1 1 0 0 1 1 
522,2745372141214     1 1 1 1 0 0 1 0 1 1 1 0 1 1 1 0 1 1 1 1 1 0 0 1 1 
522,2745372141214     1 1 1 1 0 0 1 0 1 1 1 0 1 1 1 0 1 1 1 1 1 0 0 1 1 
522,2745372141214     1 1 1 1 0 0 1 0 1 1 1 0 1 1 1 0 1 1 1 1 1 0 0 1 1 
522,2745372141214     1 1 1 1 0 0 1 0 1 1 1 0 1 1 1 0 1 1 1 1 1 0 0 1 1 
522,2745372141214     1 1 1 1 0 0 1 0 1 1 1 0 1 1 1 0 1 1 1 1 1 0 0 1 1 
522,2745372141214     1 1 1 1 0 0 1 0 1 1 1 0 1 1 1 0 1 1 1 1 1 0 0 1 1 
522,2745372141214     1 1 1 1 0 0 1 0 1 1 1 0 1 1 1 0 1 1 1 1 1 0 0 1 1 
522,2745372141214     1 1 1 1 0 0 1 0 1 1 1 0 1 1 1 0 1 1 1 1 1 0 0 1 1 
522,2745372141214     1 1 1 1 0 0 1 0 1 1 1 0 1 1 1 0 1 1 1 1 1 0 0 1 1 
522,2745372141214     1 1 1 1 0 0 1 0 1 1 1 0 1 1 1 0 1 1 1 1 1 0 0 1 1 
522,2745372141214     1 1 1 1 0 0 1 0 1 1 1 0 1 1 1 0 1 1 1 1 1 0 0 1 1 
522,2745372141214     1 1 1 1 0 0 1 0 1 1 1 0 1 1 1 0 1 1 1 1 1 0 0 1 1 
522,2745372141214     1 1 1 1 0 0 1 0 1 1 1 0 1 1 1 0 1 1 1 1 1 0 0 1 1 
522,2745372141214     1 1 1 1 0 0 1 0 1 1 1 0 1 1 1 0 1 1 1 1 1 0 0 1 1 
522,2745372141214     1 1 1 1 0 0 1 0 1 1 1 0 1 1 1 0 1 1 1 1 1 0 0 1 1 
522,2745372141214     1 1 1 1 0 0 1 0 1 1 1 0 1 1 1 0 1 1 1 1 1 0 0 1 1 
522,2745372141214     1 1 1 1 0 0 1 0 1 1 1 0 1 1 1 0 1 1 1 1 1 0 0 1 1 
522,2745372141214     1 1 1 1 0 0 1 0 1 1 1 0 1 1 1 0 1 1 1 1 1 0 0 1 1 
522,2745372141214     1 1 1 1 0 0 1 0 1 1 1 0 1 1 1 0 1 1 1 1 1 0 0 1 1 
522,2745372141214     1 1 1 1 0 0 1 0 1 1 1 0 1 1 1 0 1 1 1 1 1 0 0 1 1 
522,2745372141214     1 1 1 1 0 0 1 0 1 1 1 0 1 1 1 0 1 1 1 1 1 0 0 1 1 
522,2745372141214     1 1 1 1 0 0 1 0 1 1 1 0 1 1 1 0 1 1 1 1 1 0 0 1 1 
522,2745372141214     1 1 1 1 0 0 1 0 1 1 1 0 1 1 1 0 1 1 1 1 1 0 0 1 1 
522,2745372141214     1 1 1 1 0 0 1 0 1 1 1 0 1 1 1 0 1 1 1 1 1 0 0 1 1 
522,2745372141214     1 1 1 1 0 0 1 0 1 1 1 0 1 1 1 0 1 1 1 1 1 0 0 1 1 
522,2745372141214     1 1 1 1 0 0 1 0 1 1 1 0 1 1 1 0 1 1 1 1 1 0 0 1 1 
522,2745372141214     1 1 1 1 0 0 1 0 1 1 1 0 1 1 1 0 1 1 1 1 1 0 0 1 1 
522,2745372141214     1 1 1 1 0 0 1 0 1 1 1 0 1 1 1 0 1 1 1 1 1 0 0 1 1 
522,2745372141214     1 1 1 1 0 0 1 0 1 1 1 0 1 1 1 0 1 1 1 1 1 0 0 1 1 
522,2745372141214     1 1 1 1 0 0 1 0 1 1 1 0 1 1 1 0 1 1 1 1 1 0 0 1 1 
522,2745372141214     1 1 1 1 0 0 1 0 1 1 1 0 1 1 1 0 1 1 1 1 1 0 0 1 1 
522,2745372141214     1 1 1 1 0 0 1 0 1 1 1 0 1 1 1 0 1 1 1 1 1 0 0 1 1 
522,2745372141214     1 1 1 1 0 0 1 0 1 1 1 0 1 1 1 0 1 1 1 1 1 0 0 1 1 
522,2745372141214     1 1 1 1 0 0 1 0 1 1 1 0 1 1 1 0 1 1 1 1 1 0 0 1 1 
522,2745372141214     1 1 1 1 0 0 1 0 1 1 1 0 1 1 1 0 1 1 1 1 1 0 0 1 1 
522,2745372141214     1 1 1 1 0 0 1 0 1 1 1 0 1 1 1 0 1 1 1 1 1 0 0 1 1 
522,2745372141214     1 1 1 1 0 0 1 0 1 1 1 0 1 1 1 0 1 1 1 1 1 0 0 1 1 
522,2745372141214     1 1 1 1 0 0 1 0 1 1 1 0 1 1 1 0 1 1 1 1 1 0 0 1 1 
522,2745372141214     1 1 1 1 0 0 1 0 1 1 1 0 1 1 1 0 1 1 1 1 1 0 0 1 1 
522,2745372141214     1 1 1 1 0 0 1 0 1 1 1 0 1 1 1 0 1 1 1 1 1 0 0 1 1 
522,2745372141214     1 1 1 1 0 0 1 0 1 1 1 0 1 1 1 0 1 1 1 1 1 0 0 1 1 
522,2745372141214     1 1 1 1 0 0 1 0 1 1 1 0 1 1 1 0 1 1 1 1 1 0 0 1 1 
522,2745372141214     1 1 1 1 0 0 1 0 1 1 1 0 1 1 1 0 1 1 1 1 1 0 0 1 1 
522,2745372141214     1 1 1 1 0 0 1 0 1 1 1 0 1 1 1 0 1 1 1 1 1 0 0 1 1 
522,2745372141214     1 1 1 1 0 0 1 0 1 1 1 0 1 1 1 0 1 1 1 1 1 0 0 1 1 
522,2745372141214     1 1 1 1 0 0 1 0 1 1 1 0 1 1 1 0 1 1 1 1 1 0 0 1 1 
522,2745372141214     1 1 1 1 0 0 1 0 1 1 1 0 1 1 1 0 1 1 1 1 1 0 0 1 1 
522,2745372141214     1 1 1 1 0 0 1 0 1 1 1 0 1 1 1 0 1 1 1 1 1 0 0 1 1 
522,2745372141214     1 1 1 1 0 0 1 0 1 1 1 0 1 1 1 0 1 1 1 1 1 0 0 1 1 
522,2745372141214     1 1 1 1 0 0 1 0 1 1 1 0 1 1 1 0 1 1 1 1 1 0 0 1 1 
522,2745372141214     1 1 1 1 0 0 1 0 1 1 1 0 1 1 1 0 1 1 1 1 1 0 0 1 1 
522,2745372141214     1 1 1 1 0 0 1 0 1 1 1 0 1 1 1 0 1 1 1 1 1 0 0 1 1 
522,2745372141214     1 1 1 1 0 0 1 0 1 1 1 0 1 1 1 0 1 1 1 1 1 0 0 1 1 
522,2745372141214     1 1 1 1 0 0 1 0 1 1 1 0 1 1 1 0 1 1 1 1 1 0 0 1 1 
522,2745372141214     1 1 1 1 0 0 1 0 1 1 1 0 1 1 1 0 1 1 1 1 1 0 0 1 1 
522,2745372141214     1 1 1 1 0 0 1 0 1 1 1 0 1 1 1 0 1 1 1 1 1 0 0 1 1 
522,2745372141214     1 1 1 1 0 0 1 0 1 1 1 0 1 1 1 0 1 1 1 1 1 0 0 1 1 
522,2745372141214     1 1 1 1 0 0 1 0 1 1 1 0 1 1 1 0 1 1 1 1 1 0 0 1 1 
522,2745372141214     1 1 1 1 0 0 1 0 1 1 1 0 1 1 1 0 1 1 1 1 1 0 0 1 1 
522,2745372141214     1 1 1 1 0 0 1 0 1 1 1 0 1 1 1 0 1 1 1 1 1 0 0 1 1 
522,2745372141214     1 1 1 1 0 0 1 0 1 1 1 0 1 1 1 0 1 1 1 1 1 0 0 1 1 
522,2745372141214     1 1 1 1 0 0 1 0 1 1 1 0 1 1 1 0 1 1 1 1 1 0 0 1 1 
522,2745372141214     1 1 1 1 0 0 1 0 1 1 1 0 1 1 1 0 1 1 1 1 1 0 0 1 1 
522,2745372141214     1 1 1 1 0 0 1 0 1 1 1 0 1 1 1 0 1 1 1 1 1 0 0 1 1 
522,2745372141214     1 1 1 1 0 0 1 0 1 1 1 0 1 1 1 0 1 1 1 1 1 0 0 1 1 
522,2745372141214     1 1 1 1 0 0 1 0 1 1 1 0 1 1 1 0 1 1 1 1 1 0 0 1 1 
522,2745372141214     1 1 1 1 0 0 1 0 1 1 1 0 1 1 1 0 1 1 1 1 1 0 0 1 1 
522,2745372141214     1 1 1 1 0 0 1 0 1 1 1 0 1 1 1 0 1 1 1 1 1 0 0 1 1 
522,2745372141214     1 1 1 1 0 0 1 0 1 1 1 0 1 1 1 0 1 1 1 1 1 0 0 1 1 
522,2745372141214     1 1 1 1 0 0 1 0 1 1 1 0 1 1 1 0 1 1 1 1 1 0 0 1 1 
522,2745372141214     1 1 1 1 0 0 1 0 1 1 1 0 1 1 1 0 1 1 1 1 1 0 0 1 1 
522,2745372141214     1 1 1 1 0 0 1 0 1 1 1 0 1 1 1 0 1 1 1 1 1 0 0 1 1 
522,2745372141214     1 1 1 1 0 0 1 0 1 1 1 0 1 1 1 0 1 1 1 1 1 0 0 1 1 
522,2745372141214     1 1 1 1 0 0 1 0 1 1 1 0 1 1 1 0 1 1 1 1 1 0 0 1 1 
522,2745372141214     1 1 1 1 0 0 1 0 1 1 1 0 1 1 1 0 1 1 1 1 1 0 0 1 1 
522,2745372141214     1 1 1 1 0 0 1 0 1 1 1 0 1 1 1 0 1 1 1 1 1 0 0 1 1 
522,2745372141214     1 1 1 1 0 0 1 0 1 1 1 0 1 1 1 0 1 1 1 1 1 0 0 1 1 
522,2745372141214     1 1 1 1 0 0 1 0 1 1 1 0 1 1 1 0 1 1 1 1 1 0 0 1 1 
522,2745372141214     1 1 1 1 0 0 1 0 1 1 1 0 1 1 1 0 1 1 1 1 1 0 0 1 1 
522,2745372141214     1 1 1 1 0 0 1 0 1 1 1 0 1 1 1 0 1 1 1 1 1 0 0 1 1 
522,2745372141214     1 1 1 1 0 0 1 0 1 1 1 0 1 1 1 0 1 1 1 1 1 0 0 1 1 
522,2745372141214     1 1 1 1 0 0 1 0 1 1 1 0 1 1 1 0 1 1 1 1 1 0 0 1 1 
522,2745372141214     1 1 1 1 0 0 1 0 1 1 1 0 1 1 1 0 1 1 1 1 1 0 0 1 1 
522,2745372141214     1 1 1 1 0 0 1 0 1 1 1 0 1 1 1 0 1 1 1 1 1 0 0 1 1 
522,2745372141214     1 1 1 1 0 0 1 0 1 1 1 0 1 1 1 0 1 1 1 1 1 0 0 1 1 
522,2745372141214     1 1 1 1 0 0 1 0 1 1 1 0 1 1 1 0 1 1 1 1 1 0 0 1 1 
522,2745372141214     1 1 1 1 0 0 1 0 1 1 1 0 1 1 1 0 1 1 1 1 1 0 0 1 1 
522,2745372141214     1 1 1 1 0 0 1 0 1 1 1 0 1 1 1 0 1 1 1 1 1 0 0 1 1 
522,2745372141214     1 1 1 1 0 0 1 0 1 1 1 0 1 1 1 0 1 1 1 1 1 0 0 1 1 
522,2745372141214     1 1 1 1 0 0 1 0 1 1 1 0 1 1 1 0 1 1 1 1 1 0 0 1 1 
522,2745372141214     1 1 1 1 0 0 1 0 1 1 1 0 1 1 1 0 1 1 1 1 1 0 0 1 1 
522,2745372141214     1 1 1 1 0 0 1 0 1 1 1 0 1 1 1 0 1 1 1 1 1 0 0 1 1 
522,2745372141214     1 1 1 1 0 0 1 0 1 1 1 0 1 1 1 0 1 1 1 1 1 0 0 1 1 
522,2745372141214     1 1 1 1 0 0 1 0 1 1 1 0 1 1 1 0 1 1 1 1 1 0 0 1 1 
522,2745372141214     1 1 1 1 0 0 1 0 1 1 1 0 1 1 1 0 1 1 1 1 1 0 0 1 1 
522,2745372141214     1 1 1 1 0 0 1 0 1 1 1 0 1 1 1 0 1 1 1 1 1 0 0 1 1 
522,2745372141214     1 1 1 1 0 0 1 0 1 1 1 0 1 1 1 0 1 1 1 1 1 0 0 1 1 
522,2745372141214     1 1 1 1 0 0 1 0 1 1 1 0 1 1 1 0 1 1 1 1 1 0 0 1 1 
522,2745372141214     1 1 1 1 0 0 1 0 1 1 1 0 1 1 1 0 1 1 1 1 1 0 0 1 1 
522,2745372141214     1 1 1 1 0 0 1 0 1 1 1 0 1 1 1 0 1 1 1 1 1 0 0 1 1 
522,2745372141214     1 1 1 1 0 0 1 0 1 1 1 0 1 1 1 0 1 1 1 1 1 0 0 1 1 
522,2745372141214     1 1 1 1 0 0 1 0 1 1 1 0 1 1 1 0 1 1 1 1 1 0 0 1 1 
522,2745372141214     1 1 1 1 0 0 1 0 1 1 1 0 1 1 1 0 1 1 1 1 1 0 0 1 1 
522,2745372141214     1 1 1 1 0 0 1 0 1 1 1 0 1 1 1 0 1 1 1 1 1 0 0 1 1 
522,2745372141214     1 1 1 1 0 0 1 0 1 1 1 0 1 1 1 0 1 1 1 1 1 0 0 1 1 
522,2745372141214     1 1 1 1 0 0 1 0 1 1 1 0 1 1 1 0 1 1 1 1 1 0 0 1 1 
522,2745372141214     1 1 1 1 0 0 1 0 1 1 1 0 1 1 1 0 1 1 1 1 1 0 0 1 1 
522,2745372141214     1 1 1 1 0 0 1 0 1 1 1 0 1 1 1 0 1 1 1 1 1 0 0 1 1 
522,2745372141214     1 1 1 1 0 0 1 0 1 1 1 0 1 1 1 0 1 1 1 1 1 0 0 1 1 
522,2745372141214     1 1 1 1 0 0 1 0 1 1 1 0 1 1 1 0 1 1 1 1 1 0 0 1 1 
522,2745372141214     1 1 1 1 0 0 1 0 1 1 1 0 1 1 1 0 1 1 1 1 1 0 0 1 1 
522,2745372141214     1 1 1 1 0 0 1 0 1 1 1 0 1 1 1 0 1 1 1 1 1 0 0 1 1 
522,2745372141214     1 1 1 1 0 0 1 0 1 1 1 0 1 1 1 0 1 1 1 1 1 0 0 1 1 
522,2745372141214     1 1 1 1 0 0 1 0 1 1 1 0 1 1 1 0 1 1 1 1 1 0 0 1 1 
522,2745372141214     1 1 1 1 0 0 1 0 1 1 1 0 1 1 1 0 1 1 1 1 1 0 0 1 1 
522,2745372141214     1 1 1 1 0 0 1 0 1 1 1 0 1 1 1 0 1 1 1 1 1 0 0 1 1 
522,2745372141214     1 1 1 1 0 0 1 0 1 1 1 0 1 1 1 0 1 1 1 1 1 0 0 1 1 
522,2745372141214     1 1 1 1 0 0 1 0 1 1 1 0 1 1 1 0 1 1 1 1 1 0 0 1 1 
522,2745372141214     1 1 1 1 0 0 1 0 1 1 1 0 1 1 1 0 1 1 1 1 1 0 0 1 1 
522,2745372141214     1 1 1 1 0 0 1 0 1 1 1 0 1 1 1 0 1 1 1 1 1 0 0 1 1 
522,2745372141214     1 1 1 1 0 0 1 0 1 1 1 0 1 1 1 0 1 1 1 1 1 0 0 1 1 
522,2745372141214     1 1 1 1 0 0 1 0 1 1 1 0 1 1 1 0 1 1 1 1 1 0 0 1 1 
522,2745372141214     1 1 1 1 0 0 1 0 1 1 1 0 1 1 1 0 1 1 1 1 1 0 0 1 1 
522,2745372141214     1 1 1 1 0 0 1 0 1 1 1 0 1 1 1 0 1 1 1 1 1 0 0 1 1 
522,2745372141214     1 1 1 1 0 0 1 0 1 1 1 0 1 1 1 0 1 1 1 1 1 0 0 1 1 
522,2745372141214     1 1 1 1 0 0 1 0 1 1 1 0 1 1 1 0 1 1 1 1 1 0 0 1 1 
522,2745372141214     1 1 1 1 0 0 1 0 1 1 1 0 1 1 1 0 1 1 1 1 1 0 0 1 1 
522,2745372141214     1 1 1 1 0 0 1 0 1 1 1 0 1 1 1 0 1 1 1 1 1 0 0 1 1 
522,2745372141214     1 1 1 1 0 0 1 0 1 1 1 0 1 1 1 0 1 1 1 1 1 0 0 1 1 
522,2745372141214     1 1 1 1 0 0 1 0 1 1 1 0 1 1 1 0 1 1 1 1 1 0 0 1 1 
522,2745372141214     1 1 1 1 0 0 1 0 1 1 1 0 1 1 1 0 1 1 1 1 1 0 0 1 1 
522,2745372141214     1 1 1 1 0 0 1 0 1 1 1 0 1 1 1 0 1 1 1 1 1 0 0 1 1 
522,2745372141214     1 1 1 1 0 0 1 0 1 1 1 0 1 1 1 0 1 1 1 1 1 0 0 1 1 
522,2745372141214     1 1 1 1 0 0 1 0 1 1 1 0 1 1 1 0 1 1 1 1 1 0 0 1 1 
522,2745372141214     1 1 1 1 0 0 1 0 1 1 1 0 1 1 1 0 1 1 1 1 1 0 0 1 1 
522,2745372141214     1 1 1 1 0 0 1 0 1 1 1 0 1 1 1 0 1 1 1 1 1 0 0 1 1 
522,2745372141214     1 1 1 1 0 0 1 0 1 1 1 0 1 1 1 0 1 1 1 1 1 0 0 1 1 
522,2745372141214     1 1 1 1 0 0 1 0 1 1 1 0 1 1 1 0 1 1 1 1 1 0 0 1 1 
 
